2.2457107381372072 1.4969408292162667 -4.62380135901161 0.0 
-2.369257081108045 -3.5990337784653703 2.0199376548166494 0.0 
3.853533847681419 3.5197523318465826 4.420907709524091 0.0 
-1.9361853541999707 0.30202850431778394 1.9057177434282577 0.0 
4.2468534482288085 0.18359133841147468 -0.48813023794402 0.0 
2.574494793986487 0.9806173793172368 -0.6439691094633124 0.0 
-1.2994442492578715 3.4579814795032036 -1.2101182236208743 0.0 
3.5252127498521943 -1.529828668861871 -1.014523057380019 0.0 
3.916891812875477 2.698232315475809 -1.268668705473245 0.0 
4.503270506858588 -4.294255827569076 4.065989761754956 0.0 
-2.3922113498269795 3.981281786607614 1.3330217136200915 0.0 
3.3002352137155206 4.924349810412718 -3.6920407727784923 0.0 
-4.098469902890622 -0.6088368346250519 3.227515677502474 0.0 
-2.8934369853457707 1.1346929976832651 -4.903122208202337 0.0 
4.388477704925219 -3.8538404350805466 0.6674751905058907 0.0 
3.235490580752467 -3.500144727041424 -2.1243736396189137 0.0 
3.3702569044303363 -4.595546754399503 -4.373233057577414 0.0 
-1.010044596874983 -4.875457848369273 -2.350736334728014 0.0 
4.413451768542382 2.002803786598202 -0.8585459083169908 0.0 
-0.5554876787959664 -0.24704597460433497 0.4732014371933584 0.0 
-1.5721807440878974 1.3431710496487632 2.6529954566094327 0.0 
-2.50207941286424 -0.7413625759939189 -0.06559597709886145 0.0 
-0.8510704265740063 4.885216465442076 3.4732563358336233 0.0 
-1.2702826824290558 -4.249147646857347 0.8358021007678964 0.0 
-3.8917297085842693 -1.0392837880681096 -3.1845890190573476 0.0 
0.8107266686217933 -1.9743862670037746 -4.984113505567398 0.0 
3.4406827203435792 1.3328276135834631 -0.3993900879705281 0.0 
-1.5504756159388746 -1.998637155939469 3.960126545161618 0.0 
-3.330136636563897 -4.498000987487826 -0.666408109505717 0.0 
-1.7294761500928235 -3.3348552688281927 -3.699781766467302 0.0 
1.9724866323522763 -1.6304083185969165 2.015975477840848 0.0 
1.6781053830232286 4.771215386038371 1.2042297159379256 0.0 
0.03645734148182722 -1.0930595545667119 -2.445015975619019 0.0 
-3.732107762516579 1.4658975452434841 4.90331462490002 0.0 
-4.8183731692535705 0.5707973610458676 -3.312215847857085 0.0 
-2.3999524175931697 -1.5287759695910799 2.253266305818185 0.0 
2.305839801057191 4.533753034157808 -3.3894716076589293 0.0 
-1.2552130447865686 4.994366794386206 2.174230042116058 0.0 
-2.4027676920248275 -4.542193496931604 4.690201336265735 0.0 
1.2168748381196224 -4.029066011441541 -2.2799194380001553 0.0 
-1.812996512226178 2.8077607798069266 4.63890587137254 0.0 
1.812820861545883 -1.2896266512999075 2.982119745180065 0.0 
-1.484474292572716 -0.6905414085666131 -3.1276973864758792 0.0 
1.3038762756372186 1.8326334796364607 -3.0622767578995735 0.0 
-1.780839588679377 2.6185809616292026 -3.378996227567356 0.0 
3.6294378229026734 1.180119309370566 -2.1062667722917503 0.0 
-1.9533208254559407 2.9277976697939687 2.1173610736813337 0.0 
-0.5845431005263171 1.047826799067142 -4.0117646883404126 0.0 
-0.7133532840488161 -1.517435846491697 -2.625221449569536 0.0 
-2.7578196849949235 0.43460467786338963 -1.683103176517995 0.0 
-3.0485058432693757 -2.4440312738547707 4.856607163933953 0.0 
1.4496597246027045 -2.8409998712311157 0.7162796704629306 0.0 
0.32546579688891697 0.4256533820096564 0.7499915824203898 0.0 
1.7313904456005584 -1.6133032438713277 -1.434026178376897 0.0 
-2.283939874822231 -1.7492191693087813 4.990235201776715 0.0 
-0.6395552837055805 2.5352035687160113 4.098675464551903 0.0 
4.381412347883982 4.468905654049797 2.314744599611047 0.0 
3.1170039464822654 -1.5019780950007169 -0.4209948544602762 0.0 
0.45578778796481334 2.3824860069620772 0.5551338654023263 0.0 
-1.1118371574231087 -1.6538152245484774 -1.0167380763275347 0.0 
1.217948251661035 -0.285544613068339 -2.8242054455812737 0.0 
1.5777904254191233 -3.268412951268813 4.335110587921061 0.0 
2.509993439480378 -3.4995616426542666 3.9555622149950853 0.0 
3.809895613608994 -4.811134168687071 4.07765187597637 0.0 
4.945578640250849 4.447392369897832 2.3082954419215476 0.0 
-1.2557633292493255 -3.0053960462424003 4.021949687274336 0.0 
2.8821432625067853 -0.34777016604947253 -0.4881033795378773 0.0 
-2.0321476404534646 1.1857225123606243 -0.36064923277845384 0.0 
-4.828144833479112 3.210160905138313 4.9175793054585455 0.0 
0.3577235450086169 1.3158839788168573 4.517175659847677 0.0 
-1.59728617869908 -3.8198021390484618 3.5586500714794926 0.0 
4.232424130757872 -4.862833170187466 2.051100989155624 0.0 
-2.076688688522248 4.992645093942388 4.471418848911956 0.0 
1.6561968563204044 3.5447609894709355 0.9391597025262826 0.0 
0.8176900594645042 0.996161072973127 -0.678142539366398 0.0 
-1.6925480706068274 3.205930344530973 -4.362524910856614 0.0 
2.237822955484562 -1.4835631632988466 0.7555118233381188 0.0 
2.021538041463206 4.126301636584374 1.2188459312450926 0.0 
-3.381558308289887 -3.7268171978598605 2.086223131380603 0.0 
0.5202510639644 1.1819688510378334 -1.1381124734999801 0.0 
-1.3286862548842282 -0.4583484548588288 2.3549440621532316 0.0 
-1.3944369198680464 -2.2438019876857784 1.0299437674800158 0.0 
-2.278412274276284 -0.7738594024464103 1.1299111377462099 0.0 
-0.5757322827568547 -3.7092683120423797 4.003246026175299 0.0 
1.2440079689533032 3.3540893950950554 0.2186551557122911 0.0 
3.9733509850326403 -0.1892253087741711 -4.101315091815204 0.0 
-0.18817968589965872 1.611979308339774 0.8975204532127083 0.0 
2.114855602147527 -1.7321776158187765 4.531778043020774 0.0 
-4.513881000385183 -0.16857998284026365 -1.85551550143354 0.0 
3.6850914393671026 0.31965900973275296 -2.3481331312593277 0.0 
-4.064370282311275 -0.36558883297213374 -0.3392277410118769 0.0 
0.68358144358006 1.6711836133942377 1.1394349434754583 0.0 
1.2135460315269473 3.0864334534169764 -1.374935652252188 0.0 
-2.8651224238147432 1.215921457317287 -3.1536392647985556 0.0 
0.7845259533884663 -3.266742505832548 -4.135327850428169 0.0 
-4.999976469019987 -0.442142073209304 3.0938445779572774 0.0 
-3.566681444755541 -2.7447759282289574 1.8191394812983734 0.0 
2.1525314682960603 3.652238949280969 -1.6812242693628399 0.0 
0.877265298280939 1.8784543138498204 4.536985027066141 0.0 
3.1908299991588756 -3.9072260588567422 -4.473619602671105 0.0 
-0.5196327632283566 4.457231074092377 -2.0917809677495667 0.0 
4.140573665899371 -4.878784682176919 3.665375679601363 0.0 
4.322224897030921 0.9013158646051735 -2.873912301502386 0.0 
-4.488774570426081 -0.028668336424148677 -0.9504535520249346 0.0 
-2.537134245886641 -2.9919208522322305 1.505424806492087 0.0 
3.2526040186151004 4.471957948139513 -4.18097269842554 0.0 
2.485586341201399 -3.0170770274817538 3.6838629292603002 0.0 
2.709254841967322 1.9723975461634033 -1.997260600501284 0.0 
-2.7770042030990094 -4.705104680957789 -3.721936403778654 0.0 
1.6630103725163057 -4.727457072072178 -4.108510129158773 0.0 
-2.023011824680454 -4.41066394211849 4.8734870565827535 0.0 
0.4441292498614082 -2.3807366453665244 -0.6863507055682385 0.0 
-3.4657680213830524 1.4511032900355403 -1.2667490995175745 0.0 
3.712791523076053 4.398743699078073 4.345660882444978 0.0 
3.5549332746010567 -0.7429503110031526 2.6998098881865342 0.0 
3.542895078586403 -2.9822890692663986 -3.655069208856496 0.0 
-0.9947825487494271 -1.028420548962281 0.8840506623873523 0.0 
3.039951262356066 -0.48776121607226663 4.495855398541961 0.0 
-4.3144848917164005 2.5194298054497057 1.5085590849762074 0.0 
-0.45242145683055046 0.8892819021599898 -3.361635737469645 0.0 
2.431751323868019 -4.435355727840422 -1.4441798988119556 0.0 
-4.813689356905261 -4.783481630303815 4.320231737156538 0.0 
-4.862417603623014 -1.7817590110274963 3.91866412744057 0.0 
0.21065992176961945 0.8621228446384954 -3.598977487016101 0.0 
2.3298495986207293 -3.9400264329665657 -4.80512648734577 0.0 
-3.272544538054146 -1.2936416311227772 4.984341130400594 0.0 
0.052974176020313735 -4.165788517531994 -4.462365173233205 0.0 
0.8100153057480055 0.009071462912379147 3.969833824087827 0.0 
2.491111418408587 3.5644297455063825 3.56346019408355 0.0 
2.2734944991678754 3.990734768169631 -3.8387753291176296 0.0 
-4.439865909717589 2.772318356318019 3.45239009389298 0.0 
-3.159825922886752 0.1083275787746194 -2.567537328723435 0.0 
2.384190572428146 -0.29822994343663645 -2.4080647752103914 0.0 
0.4580515480132128 -0.2233075123534789 4.57799871128876 0.0 
1.4309969125027138 1.683683051322582 -1.5102766670914858 0.0 
-3.979172513649104 4.712996888488474 1.6013223585435128 0.0 
1.3274347210388795 0.19339317131776568 1.5679841352778103 0.0 
2.189636754328572 3.8634805019356335 -3.58366234334666 0.0 
-4.305877126497961 3.1376170527024385 -2.926573115919693 0.0 
-4.390397779928579 -3.3741170374397678 3.3028875249124443 0.0 
1.4556345452380768 -4.401494773265647 3.054595945215567 0.0 
-4.2887450176813555 -3.295818545640965 -0.8007801241443948 0.0 
-1.3634527441426334 -3.1436665748822 -0.29194804751054804 0.0 
-2.829808676312627 1.6345860032339594 -3.5693338370908725 0.0 
2.685595002805141 -0.43358875230751437 -2.9973140848805038 0.0 
-4.928648062506486 -0.7643013501683313 1.977417009883304 0.0 
-0.30389747434347747 3.4545658108541826 -3.9738843750593364 0.0 
-1.1556274251126841 2.360162888862055 2.6353833042892134 0.0 
3.607289246107925 3.5992462468194137 -4.225839677740607 0.0 
-2.3373990062728134 -2.0886135090282276 -0.05513090229716244 0.0 
0.32796628082167967 2.2180562341329537 4.991599881447028 0.0 
2.1218227566577266 1.5663119818759057 1.0464479251012984 0.0 
4.956676401318793 3.4207643394815257 -1.826050182554976 0.0 
4.078006867284149 -4.169033381369389 -0.6395641960207508 0.0 
-2.9570246156386792 4.683422666857135 -3.613645493184806 0.0 
-2.862306711806175 4.26601763909254 2.8294882021753045 0.0 
2.2270901131366276 2.178957589871513 -0.14869309268120912 0.0 
-3.67087980935334 2.368520396027817 -0.30664685181426865 0.0 
-1.7636653238541977 -2.95446006062678 -3.0522668795815457 0.0 
3.7588547020837453 3.5849999558163184 -4.933655000348686 0.0 
4.622141824406441 4.03768189950379 3.8838131935594475 0.0 
2.9441732571554766 -0.687044249331711 -2.555257214944845 0.0 
2.912018397665234 -0.02448082565166132 -2.7691201506197007 0.0 
-3.0807470728054143 -1.5957434822612737 2.7591803106193673 0.0 
2.654571563988614 -4.252336896289187 -0.11617317199664878 0.0 
-3.405116486823332 3.5425527182478813 -3.6376475154923025 0.0 
-0.07903065290074629 2.2008693277697553 -4.021513517214829 0.0 
3.107366548226368 3.528498355669228 3.536105728781152 0.0 
2.0294583942197617 2.8108463297376254 -2.7663450567652683 0.0 
-0.069846476048542 -2.9238364515576176 3.282119411886221 0.0 
-2.3412831295266336 -4.5758000066070785 4.291316206179209 0.0 
2.975414583838779 4.156315640721672 -2.128302235079752 0.0 
2.5509706870971343 -3.026464984849231 -2.0506031820932593 0.0 
-0.16305035937774104 3.874195628297576 4.568035140138127 0.0 
-1.0278233120193891 4.222723038767068 1.9870699469602924 0.0 
-0.12416094082639972 -2.866461413359056 0.29030398334965124 0.0 
4.951258472131704 1.2298871364513042 -1.7588583963937698 0.0 
4.909253656042596 -0.8659077088388036 0.7896290443801846 0.0 
-1.9462073826891633 3.175166881192567 1.0821983396392234 0.0 
-0.09396853613795031 2.2121280211626253 3.421285049214033 0.0 
4.518123379632145 4.94908231568491 3.5053621114398616 0.0 
2.265698656475087 1.3747404268211172 -3.546350296262124 0.0 
-4.330285059890065 3.425725694799178 -0.028404495726675805 0.0 
-0.48093098616006724 2.9278749822897963 0.41636379865228257 0.0 
-1.9035067991249823 4.765829633829126 -4.066112150188582 0.0 
0.7309639891660638 0.02721993693656266 -2.8819631300606674 0.0 
-4.833530010144187 1.4004798588095237 3.3453025370132714 0.0 
-1.8909119887824088 -1.5516823663779409 3.5760250252781347 0.0 
-3.7359343372752174 4.82518760361541 4.0782074383283184 0.0 
-4.011655375374388 -3.3275484802182733 0.5430270060495532 0.0 
2.8144569579784884 -4.280862461644065 -1.9769652813316254 0.0 
-3.5692413311494997 3.9642623538225603 3.4709052237770166 0.0 
2.7351542775802002 -0.8234810968912534 -4.1775604501888255 0.0 
2.1312924547915966 3.94164172161555 -2.213895329509068 0.0 
-3.6361188370682984 -4.676601786409825 4.736974172303643 0.0 
-2.517277079778829 1.5363419105518785 -1.341685288806783 0.0 
2.4693635893113255 3.066430576816545 4.811214188301074 0.0 
3.8495881107441026 -3.699528844134252 2.2869867056129722 0.0 
-4.926642862502604 -0.5167360916102357 1.3253793645816723 0.0 
0.9293455258359238 -0.24597611290169663 4.89917629120691 0.0 
0.48200786428472586 -2.9462011673952793 4.900480180186154 0.0 
3.1649150974145623 1.5257610648516087 3.847709989059126 0.0 
-0.7545654843340692 2.510058071531617 -4.142177608926707 0.0 
1.9034001496491912 -1.6381451255228408 2.6944956745927007 0.0 
-2.729052829493078 -4.159122867550956 -2.383309114631209 0.0 
-3.110553257431725 1.8843931430203664 1.200076763060462 0.0 
-1.454089233014726 0.5239149049351894 3.3063085898893334 0.0 
-0.5497749833081977 -0.19924131238457843 -1.4179045078756447 0.0 
4.479755525761078 -2.556459731374008 0.045247208453341514 0.0 
0.3440259431103412 3.6695641101166174 -2.6796005000504044 0.0 
1.2506677139325806 1.3251755031490617 -4.187759073614663 0.0 
-1.7960229364085722 -2.4684397268888505 0.36915723672277423 0.0 
-4.097727466508413 -3.8540462900336934 -1.15270622151571 0.0 
4.108924583133472 4.8301865076168085 2.354636204413822 0.0 
-3.4245973210451695 0.0190734749288346 -4.776147212810909 0.0 
-0.4013722970518705 3.981623771010147 2.783392907309688 0.0 
-0.016879649182549805 1.4754455859009799 -3.35666377992188 0.0 
-4.8319019678846065 3.663844262636111 2.3646312743776647 0.0 
2.071697486833477 -2.693466683373802 0.6839578859493001 0.0 
-0.045249776375012374 -1.1284865670417945 -2.6243293933547895 0.0 
3.162430046563129 -0.2566461839191341 2.542037869973224 0.0 
0.2525208798062408 2.7199340209707925 -2.7635507968026127 0.0 
0.3828604493650465 -2.7472613962816537 -4.2063204544139685 0.0 
-3.510041744245128 -3.36935534398193 2.3587650584707216 0.0 
3.8644791627369948 -0.3885667532874235 -3.0136970652826776 0.0 
-1.0008661030149666 -4.045053545246747 -3.698139083763593 0.0 
4.487628316747218 -2.2459553428604853 4.979538189087814 0.0 
-2.473651992525351 -3.7840756509953666 -3.7555777334145057 0.0 
-1.9535683019951322 1.4171884833340753 -0.09251358343338012 0.0 
0.675175327698236 2.0638888794447556 0.5046597679754079 0.0 
1.1170034810680072 1.650036588833304 1.5739873032589848 0.0 
-2.4364132528162963 0.671933528980798 -4.599440704794638 0.0 
4.079588312554241 -0.9291517746519133 -2.5480844174004735 0.0 
-1.4789093462411818 -2.6652746877877256 4.891834285314708 0.0 
1.531980646433028 3.4939390080148716 1.162909007661793 0.0 
-4.358308650930464 -3.299295893360256 -1.2906926260952325 0.0 
-3.355430963340379 4.615805019876232 3.7693056461508885 0.0 
-4.149109956727534 3.790864769383841 -3.5752885720273007 0.0 
4.979510111790184 2.5175430151734304 -0.57902147825446 0.0 
-4.184371622654886 1.238639342613233 -4.658339122185678 0.0 
4.414564817399892 -3.600540348035841 3.180518751526183 0.0 
-1.8248975644120193 0.6845877869331849 -0.9279897255553538 0.0 
-2.938141546230727 4.355932328922993 -2.1029341974394766 0.0 
-2.0490594986255397 3.5809853338895064 -1.8572440013112388 0.0 
4.90197245393283 -3.033169376929632 -3.831135648666939 0.0 
1.2321317312691873 0.5280921906723499 -1.374651220302765 0.0 
-0.11187190699094796 2.890456589157683 -2.0400234239091386 0.0 
0.047314771660278865 0.9263463981436342 1.191760741320559 0.0 
-2.919989213596388 1.8686887195721233 2.4682083138605257 0.0 
4.047846559620801 -1.4155673877297117 1.2349618283076644 0.0 
0.7402643220363405 1.4283775219749657 -3.4797467168510243 0.0 
-0.13893750236185376 2.207953224226654 -1.2718338678024645 0.0 
-4.381666719573437 -2.9532173407715545 -0.7259144747523738 0.0 
2.4083140046724 4.476807727294268 -4.997074114187853 0.0 
0.6539704152491668 1.3148917444461112 -2.8632986000363605 0.0 
-2.878998164811173 -1.6640010631900024 2.296118550048771 0.0 
0.37603665643269135 4.398948256466284 -0.3225187478797418 0.0 
-2.7767504788615884 -0.2699425078206721 1.60123227796272 0.0 
1.132213630165407 3.698342277512271 -2.935273365709865 0.0 
-0.25820620728589017 3.6073637030958707 -1.0937659945671774 0.0 
-3.513365972647242 -2.9917176971353197 -4.852346930406633 0.0 
-4.145566770982309 3.7222960704176717 -4.211363635370634 0.0 
2.4830736887234455 2.8203899549531153 2.4939110178798902 0.0 
1.1901099433538365 4.172562205202819 -1.4014594542581316 0.0 
0.24716152354813836 4.006695000417 2.6407899538010815 0.0 
3.0295663939285085 0.1727064671611931 -3.433131773333973 0.0 
3.8771887541463705 0.6709906542083512 -0.7245094948853534 0.0 
0.22965960377152062 -3.4724928855059103 0.5652181649680399 0.0 
-0.9982317648407761 4.649627799658287 -3.723592537876186 0.0 
-3.392877705603272 -3.8787177264076513 -3.260384126028193 0.0 
4.34900093059515 -1.832315374013934 -4.01480070031226 0.0 
-3.7145445376469723 -3.995609450956603 -2.3595471850418894 0.0 
0.6617987748166785 0.7299517355308485 1.8703922763634582 0.0 
2.568076931899018 3.5415467901388595 3.6779156013030523 0.0 
-2.4469436717363924 -2.5538738260036684 4.734132106426415 0.0 
2.7078667333136677 3.0470960764889714 0.11203070022408834 0.0 
3.143027915653006 -0.29007742089677535 4.529184381249378 0.0 
-0.6632001621013783 4.301406695554469 -1.6952860173495599 0.0 
1.7120861818682869 -3.3166045774366126 3.5449731618613747 0.0 
2.3549943185796716 4.909813459825616 -0.6232045421316617 0.0 
-1.0449016783140932 0.4162109871134838 -0.05954806309405569 0.0 
2.292630092020607 -4.448826155194824 -4.336203967797639 0.0 
-3.281879798515929 2.156030394083075 4.850908133024273 0.0 
-1.825946535696219 0.6916912470856111 4.384134446953233 0.0 
0.2083057104146242 0.13723371052644406 1.2457627680100405 0.0 
-4.687121261209391 1.1974404322373653 -0.32694337578818633 0.0 
1.753697767864474 4.220301389452391 -2.977334993338693 0.0 
0.7631788528864645 2.2391675392517296 2.7243999693181546 0.0 
-0.2068531126793003 -3.068778896582951 -0.12953088223436282 0.0 
1.3957027897890288 -2.292923421059956 1.6302000309291076 0.0 
-0.6990308049952878 -2.3430632383481798 -4.680530378616031 0.0 
-3.9773012852363356 -1.3432524229239542 -3.802108288094279 0.0 
-3.6622044689448052 4.515701921536754 0.621422229249907 0.0 
-2.387893121515882 4.386409525251809 1.0388880595128756 0.0 
4.115089722824322 1.716923015605209 2.6755955745409814 0.0 
-4.419614468898791 2.1698869401629564 3.476749591552954 0.0 
-3.543664616330149 -3.254206546541587 -1.4389527085076894 0.0 
1.2564840746159636 0.7906114728123628 -3.4692700727346857 0.0 
-2.896377762343726 3.207143930844074 3.042206172720732 0.0 
3.5245645607749907 -2.721609235764272 4.943717737050996 0.0 
3.8877971844759838 -3.9945767372209673 -0.504372506994982 0.0 
2.4691624881679344 -3.9121988125772833 0.31472889116864433 0.0 
-2.6996744826339656 -3.294389671395337 2.2344329390578546 0.0 
-1.6522622305654453 3.3974711537420195 3.965724245160306 0.0 
-3.698103000466607 -1.7294180421010372 1.3073703940021444 0.0 
2.2684723312281188 -3.618135401108429 4.298854061173982 0.0 
-4.768106922984423 4.892632835356601 3.1499991584950884 0.0 
-0.48220395459902043 3.193983229684479 3.780784383223896 0.0 
0.11064442242259442 -2.8494852074419033 1.3975329218417158 0.0 
-3.085228143495379 2.57425584934286 4.967434653762698 0.0 
1.2517031436649928 -0.871540397575524 -1.2441524927703131 0.0 
1.478192164117159 -0.15085441866799876 3.576877570728037 0.0 
-0.2811684953652138 -1.3838779561473649 -1.4838984006796299 0.0 
-1.1462720172206273 0.6788107168779147 -3.54344611944133 0.0 
3.417127740424535 0.33754400362807324 -1.787900625598613 0.0 
4.17538198104174 3.0193184275755875 2.533089847747563 0.0 
0.7371433497971207 2.303234913975655 -2.0092809788586985 0.0 
-0.5286071860905803 3.196945145561852 1.956826777377838 0.0 
0.1627488414735101 0.49234281362425936 -4.208393905407743 0.0 
-0.7779962140298071 -4.099945982203245 4.977197715188645 0.0 
-1.4169148351983454 -3.9159611507976155 1.6074057130731099 0.0 
-3.7688970418196854 2.4461351629181296 -0.34335761943577925 0.0 
4.341526109247866 3.902238694437454 1.3683631984779074 0.0 
3.5155812897663807 2.0610388064403393 3.7094537071796267 0.0 
-1.6118262462453048 1.6954309936027476 4.561599851074018 0.0 
0.8002216706445262 3.503732556345355 4.914616878052636 0.0 
-1.5584723375604903 4.182882933338313 0.9959670342743285 0.0 
-2.878972452601344 1.1902773194817673 2.3356107191979927 0.0 
2.408030041629649 -1.4196037590765922 -1.2220264570136208 0.0 
-1.9174882618045128 4.508823419297583 -2.1658891440982364 0.0 
1.8348991960339962 1.0340675189538997 -2.4551786556841995 0.0 
-3.964159086879401 -2.1595586671867704 4.346736223116389 0.0 
-0.05790651912312317 4.327382821643326 -2.782692602477892 0.0 
-1.0611144181016199 -1.9558472214635603 1.621652471435394 0.0 
4.8951893181750545 4.568279814372385 4.633137628136181 0.0 
-0.14529634414895654 0.37282972262726055 -4.188538251547148 0.0 
-4.47596168674231 -4.87282982199893 -0.9647226552150459 0.0 
-3.2833451255245727 -2.142700213398908 3.9897883956845686 0.0 
-3.854822962994453 -2.5157955254539988 0.45247907198634607 0.0 
4.0508828944229585 3.93512831135914 2.9696626693242303 0.0 
0.3168885847200178 -4.0968869969764485 -2.8865624661557665 0.0 
-2.5255648678362927 4.9148672766644665 -1.4623816940342014 0.0 
-1.8904206110307031 -0.5461283700607877 2.5585015667529154 0.0 
3.1628929564918895 -4.236702014247254 -3.796706170264472 0.0 
3.139428770461004 -2.0517822973833164 3.4651785956636 0.0 
3.873661060033047 4.704413134269572 0.19353976769446035 0.0 
-1.1121796986970587 1.033108449451893 -3.7948204217864747 0.0 
2.039589961490509 4.914458936826755 -0.3327503857354426 0.0 
-0.6013001087927163 -3.3719038319801498 4.692367111125966 0.0 
-4.004003639189149 0.8095692344179595 4.226029835648157 0.0 
1.0721619641536373 -0.8089021224471864 -3.364848633141041 0.0 
-3.590347803277268 4.341363441313002 0.014460553227952033 0.0 
-2.5745946253812226 -3.4420438557165065 -1.6106852383632675 0.0 
-1.816813914688673 -0.4080512446301565 4.569191663880774 0.0 
4.836947677284115 0.5538038198933766 3.5941214378814994 0.0 
-2.76977318843568 -1.9541500556877098 -0.0073765475675822145 0.0 
-2.0109004276719578 -0.16605681117250715 3.0066608487086235 0.0 
-4.097873767771434 4.610238266696541 0.3911073185132832 0.0 
-1.190429860732448 0.9971236550265248 -4.334238779421131 0.0 
4.255122574402684 1.914237195120096 3.9453756826945448 0.0 
-4.987492344844906 -2.292512031079869 -3.8040784696763708 0.0 
-3.5969224838313343 -2.0840594630939027 -3.0499437284860176 0.0 
-1.1256750001659044 0.42497711183869935 -3.5089488574941874 0.0 
-2.425733122652043 3.520007529711828 -4.52607084108376 0.0 
-3.856263892485811 0.5857489284808848 1.715611365398435 0.0 
-1.7611837398733843 3.4495916743315806 3.744107021172738 0.0 
-2.3993807358517683 -1.7877762288075862 -2.0721885985775867 0.0 
3.5396718282619624 -2.7610750863433453 -4.240792541976735 0.0 
3.2903971033381794 -0.9116773962220748 -2.719006362007156 0.0 
-3.5662054758328465 4.493825687798729 -4.0360921255310025 0.0 
1.964241526481464 -4.55198254554676 2.9638055282009423 0.0 
-1.7762085856495258 -2.0047362535448254 2.988221915611077 0.0 
-4.832634443130787 3.862947175979956 -3.0019506826479594 0.0 
-1.9884703840420048 -1.427292155320269 0.20392547766241087 0.0 
3.7334018582419244 -3.3389389964934777 0.7522640427229907 0.0 
-3.664032346797448 -0.9206259718210195 2.371472747342249 0.0 
1.950830112336332 -1.689923955304983 -2.9011380377986375 0.0 
-1.9220658668952115 4.59703537927034 0.7868408879313566 0.0 
0.44572748904022497 -4.919232917605697 -4.4131039649378945 0.0 
-4.677330771562886 1.051276048795513 -2.7719361217590377 0.0 
0.004420070910654772 4.14613651656423 3.8858024598016456 0.0 
-1.0059306842858886 2.344094603782324 -2.6623412579974626 0.0 
0.4379196531745686 -0.3711749288980428 0.9220284493774287 0.0 
0.3604131493432652 -2.4068758724001746 4.834428396408125 0.0 
0.2680953893326734 3.012216691652128 -3.644040042494577 0.0 
2.275387153839713 2.782020288186108 -4.216513787015982 0.0 
-1.5073004385861246 -1.7996356845427686 2.963378734324353 0.0 
-2.3471354759722174 2.932410358457159 -4.20928657223417 0.0 
-3.478488780817109 2.1588766332624676 -0.7455112628541727 0.0 
-1.707427263550343 3.3125153076634373 -0.7828710200474926 0.0 
0.7564160686506103 1.3171210749658044 4.406685399148909 0.0 
-4.528472703459481 3.226261538905291 -3.398153878424659 0.0 
-1.7085929653475116 3.8764090912184397 -3.6613741458803037 0.0 
0.4760346904181292 3.0720211413688396 4.632383357965136 0.0 
1.1195431608205322 0.8591666534134825 -0.942517175170309 0.0 
-2.484358098942451 3.5084549225888413 3.4533339218663386 0.0 
-2.260181115061324 0.8442813772167623 1.1120098440609265 0.0 
-4.142454962194774 -3.030998333997009 3.6541606146313015 0.0 
2.99824203286751 3.6413625159952616 -1.5668468699580043 0.0 
-3.8734451463291864 4.880213125417745 -4.943052076262133 0.0 
-1.6088570630344359 -2.4029723909676437 2.720146953518098 0.0 
4.955974619825877 4.8192908642967005 -0.964001010329989 0.0 
-1.8988264036880254 -1.423882400302002 0.40217549252341556 0.0 
0.6357415033028708 4.867537687525921 -4.962749217972941 0.0 
0.43389664451158794 1.6934314521664877 2.429218105372346 0.0 
3.6867878097559252 -0.4181221344876569 -3.522642413543986 0.0 
4.759032550073185 0.13392510434294014 -1.8923897954581461 0.0 
3.9017445554909784 0.6454715500245323 -1.5026450374644362 0.0 
1.4717308571427923 0.46297590541891775 -0.6820513617269306 0.0 
-2.959953565168848 -4.900604949135797 -2.8347083202078682 0.0 
-0.36306413807255833 -3.4329604523413906 -1.5250054440257257 0.0 
-1.1101167985572724 4.21307047627414 -2.0068010899251587 0.0 
-0.22305162146074764 -3.8632238607944034 4.762028006722005 0.0 
4.427215687134705 2.084246518934963 3.8481510994983257 0.0 
3.5240774451736545 4.469029420050431 3.6245276789934664 0.0 
3.1173324440913603 1.2731154940591969 -2.6025577496982857 0.0 
4.4036738753999884 0.48751867302883234 0.7195534820258054 0.0 
-1.816205803039833 -4.488859073786719 -2.515465112640538 0.0 
-4.942848675918093 1.5029333696244738 -4.139665103757215 0.0 
3.818808324226982 -1.6041404819872183 -1.3907785402134545 0.0 
-1.198382006945299 -0.7749164036871381 0.05792566909323149 0.0 
4.105978608558656 -3.9572269472192625 2.267524309100506 0.0 
-1.301343699054959 -2.3437609728628797 0.8655213537979112 0.0 
3.229942227642278 -0.49165324388270903 3.265999054667951 0.0 
1.4254042390895627 1.7097056117332805 3.808124368165167 0.0 
0.23754949833162442 1.6481010795184048 -3.18605001772628 0.0 
2.7357224070237764 -4.5161139731489115 -4.123930435012002 0.0 
-0.09880116487605317 2.1789271395731626 0.4742302037322226 0.0 
-4.687974381975762 -3.0672360374307397 2.38855744803383 0.0 
1.433034833909396 -0.9184897079890675 -1.876124928396817 0.0 
-2.2618110126426947 -1.9484864263819213 1.907105600769457 0.0 
1.7547648761103973 -2.680829731551604 3.5584145312098663 0.0 
-0.9889782046248623 2.156699116848575 -4.252526468880254 0.0 
2.014044020065037 -3.250238409574391 -3.3816570152710614 0.0 
1.5512763187796477 4.109979869829118 3.173719816465617 0.0 
-0.5693512985778941 1.5156261564327291 -1.6620574783900857 0.0 
-1.828084369778502 0.7631316359848439 -3.596497390727398 0.0 
-2.157833695396909 -4.336275068665309 -0.34170289438464874 0.0 
3.010931498735383 -1.6910344276474532 3.936284244867883 0.0 
1.8838994356260468 0.9001864086779818 -3.4831301034657125 0.0 
-4.711518206472128 3.260948368403689 -3.8334546483961853 0.0 
3.3460232830370256 -2.1297183882429316 -2.8963298033794436 0.0 
-3.9366511796684844 -3.3580676531334506 4.988778591797153 0.0 
2.6254540732898395 -2.720564659889404 -1.681554248018744 0.0 
4.718295203578073 -2.7065961015407614 -4.683814272539314 0.0 
4.128982147650346 0.284955367132504 -0.710178467978424 0.0 
-3.547935913898106 -0.32199799277703356 1.2706741077843429 0.0 
-3.6866502093255207 -0.13684619592948088 3.077405120389475 0.0 
-0.9756780763800492 2.9009725392319883 4.831278028570532 0.0 
-2.7807368780085486 -0.8660742845524609 0.9942004579316972 0.0 
2.313881841262501 4.272680409856603 2.5224946858317274 0.0 
1.4084769515870121 -1.5870641976883326 -4.198728074163995 0.0 
-2.683314453432306 -4.5739563472728975 -2.188179750928864 0.0 
1.1728000932283154 2.95533870569328 1.7008976242590172 0.0 
-1.2947830353547882 -1.9999235453452724 4.394455289394012 0.0 
-0.40556758478155963 3.7167221069536023 2.2769089948733354 0.0 
-2.8174572346732205 -0.7036938450354411 -3.904773391409445 0.0 
3.1834092344403633 2.636822869649789 -4.489263818456029 0.0 
-0.92629430190728 1.3098914366251115 -3.6593575443756023 0.0 
-2.079144336207923 -1.5897781089618834 1.0073611945778236 0.0 
4.445257980795287 0.832252187391421 3.045689538724062 0.0 
-3.6334769834609357 -4.1168861881879 -2.983844617576218 0.0 
3.0874626633393447 4.077917697246695 0.7012738892819073 0.0 
-3.6260172960217862 -2.5853775718316543 -3.671698882576134 0.0 
3.764196917469322 4.79463118788669 2.086234400673784 0.0 
1.3152428041102269 0.27485294193984267 -2.180532728687722 0.0 
0.8690733827168584 1.9026664233550683 -3.9763418107126123 0.0 
-3.4883441719748634 1.3530373831495321 -4.731454983252229 0.0 
-4.410038583185115 -4.1763865953160115 -1.6117538293248357 0.0 
-2.908623262948308 -0.05513186603569675 -3.2971855863539847 0.0 
4.574325336913647 2.6825132471038318 4.262555237258493 0.0 
3.7512449164345156 3.691414695426319 -2.431316928562591 0.0 
-4.1578102212611014 3.4454243109859704 2.6064029382394285 0.0 
-3.577085853518974 4.858691270056127 1.7859395557460989 0.0 
3.6374719978642727 -0.0704027906266882 3.049180472813603 0.0 
0.5577383242597538 -2.118349320970121 -2.9371998837655413 0.0 
-2.909040698176568 -4.029659648978204 -2.3548319982408596 0.0 
-3.738799914759776 2.077089849219006 3.596031987498229 0.0 
1.4876554499616184 -4.153990727827618 1.814420004724921 0.0 
2.1748493037385987 -1.7022345020152874 2.8042109476710326 0.0 
0.36733196325601014 1.2766520548308442 -3.8359535096579123 0.0 
-1.63775918873998 2.594740636451439 1.9732837108361796 0.0 
-2.3116470342541384 0.7067219135936789 -2.1627471665598677 0.0 
0.7951553747389255 3.1834235070986807 3.701208110009718 0.0 
2.7451851477233378 1.3003001955862326 2.927101094890727 0.0 
-3.2430852109445407 -4.055715864653177 -0.11872392558710843 0.0 
1.7529070759989196 -2.124590974990843 2.736629279603214 0.0 
1.7576647649567239 1.088502423053126 1.3059715292225977 0.0 
-4.531238099858863 4.816611478629458 -4.71526485952782 0.0 
-4.83630733540671 4.680352686843699 -1.085852058379304 0.0 
2.1504061209909695 -1.0927160181135607 1.0934277789969338 0.0 
-2.342969000480112 -0.02242053094066332 -3.258483752062802 0.0 
2.798547129100198 0.5653116258424244 2.937000345786638 0.0 
1.6138358385767484 -4.011354841840332 -3.933940199342567 0.0 
4.526463086330118 -1.5652022269837507 -4.692432419296269 0.0 
2.1685195725743522 -3.9867710281267934 4.988343195904978 0.0 
0.13890551277393115 -0.07848746545168694 -4.962667090250273 0.0 
1.948656517567768 0.9457374677240509 4.474731391451588 0.0 
-2.5273118584202736 -3.737394958789962 0.09919980499333114 0.0 
-1.951581112464634 1.5671322735715867 0.0035577392348038472 0.0 
2.372806489206628 2.634450313279741 4.10218295954005 0.0 
-1.2626827867182886 2.4798359895298274 4.114627591160415 0.0 
1.9941111769435569 1.8538581725180254 2.9770975261220247 0.0 
-4.7383080172545515 1.463583390338096 -2.0194358523895772 0.0 
-2.823486031435781 -2.3029576141773935 3.011732311028261 0.0 
0.21266386017905603 4.038911823502984 2.9396560503821583 0.0 
0.7604322101082701 -4.986385525787577 0.6836927083535862 0.0 
3.33133960689522 4.0976461314506185 -2.4456670654028176 0.0 
3.203187106304778 -3.253300778224678 3.934179954192068 0.0 
-4.983788216464785 -0.13303530828211674 0.8446846561271837 0.0 
-1.3754722797860977 -3.84153318182853 -3.946649476779225 0.0 
0.6491416924847515 -3.785424447945819 -3.94364495764795 0.0 
2.598322206164653 4.829741832106299 2.139319165677989 0.0 
3.4932040279827934 1.012955497469994 -2.125919132283781 0.0 
-1.1276743035291128 3.1604468805892356 3.396213370222158 0.0 
-4.708496095438894 1.9008921974155477 4.638416918649659 0.0 
2.720451085705692 -3.333156123814346 4.898110540650224 0.0 
-1.9342912605905385 -0.6056277436383954 -3.716068772103439 0.0 
4.549166782645168 3.527962811629372 -3.6907181750769755 0.0 
2.1570454240315673 -2.6261724328017353 -3.6541168183657122 0.0 
0.4430592990652933 4.023062579505686 -3.433253314724811 0.0 
3.719423816072304 -3.12553535025367 -3.7169912684009 0.0 
-0.28849236987415505 -1.1340531938832599 -3.9400780474066366 0.0 
-2.788896525883804 -1.5239931032297083 -1.104774181501952 0.0 
-1.3360682065736085 0.30417765734067004 -2.9086990924871237 0.0 
-4.339659657025756 2.8969738933634313 3.7701735617636274 0.0 
-3.242892799070496 3.359532055642884 -3.516093410279825 0.0 
-2.9577247305112078 4.581562958374345 -2.7823057508434434 0.0 
4.405987085017507 4.997313939047055 -3.362457669915422 0.0 
-2.780176848890892 -2.9153092504824327 -0.7201076130908852 0.0 
0.24563614189579397 3.0691632838334684 0.9986293016466039 0.0 
-2.7133964965376753 0.29925426953649303 0.31010029711904785 0.0 
4.594636705149032 4.815241472399338 4.078426648947373 0.0 
2.646410802127762 1.0800235795668822 -2.7986876050940532 0.0 
1.7856914972035334 1.1333815493020838 -3.4793493336174866 0.0 
-3.544000932711114 -4.713486700037216 4.303339216767929 0.0 
-4.200601460884368 1.015780016820493 0.20959539999119148 0.0 
-4.790831837710568 -4.6199110508162 1.710566717533272 0.0 
-1.9282803846127505 3.440200377581796 2.6707200596697778 0.0 
-1.532762402019391 2.673132011223264 -0.6056218316232762 0.0 
-0.8091779013367271 3.9863958748904498 1.786216327252128 0.0 
4.1010629933079255 -3.4315420312293456 -4.456386007522922 0.0 
-2.5726179824038287 -4.841375422046241 3.0132152966984336 0.0 
-1.2959347755079085 4.862868056684611 -2.0700098842314008 0.0 
3.9388320872328446 -2.8960550756286505 -0.9251813565508922 0.0 
0.7212939294512664 -0.446644764632004 1.3170832585377426 0.0 
-3.8721259043020595 3.747675538510265 2.48004653895062 0.0 
4.27014748656871 2.7771071092293163 -4.021802549966377 0.0 
-0.969877334118169 -3.425351456993769 -3.3384159896856946 0.0 
-1.2911521818610447 0.6994799506699483 4.264335664448067 0.0 
0.27682020461733714 -3.209638558089618 2.6797602479057314 0.0 
-1.9701311945901354 -1.0468996463004987 2.9654440680766783 0.0 
-3.123698921218281 1.1750750409854058 4.926207759871929 0.0 
1.521071404571753 4.747195102014889 1.1427926610291337 0.0 
-4.4438398909917805 1.1416115002153173 -1.7075338939503206 0.0 
-0.8270309516771199 -2.7315600793026706 0.8187405523602678 0.0 
-2.5751857007354717 -1.675491044351638 0.36696136938595814 0.0 
-1.6922123050570184 -4.400576715429589 4.233066980839741 0.0 
-0.7285786359856825 -4.479666835178798 4.976584653831621 0.0 
2.8579762584749036 0.773377480220101 -2.09582890519332 0.0 
1.2483081632649782 -2.2893939664022502 0.3315150100976023 0.0 
-1.0861326975368382 4.05696581528788 -1.8821695085276593 0.0 
3.8439653306373103 -4.698496913837509 2.4527912193412247 0.0 
4.525538423659597 -1.8644210704749984 2.0128539413759796 0.0 
-0.648616848197614 -4.417404151266967 -2.0333149587968533 0.0 
-0.19555373614268046 -1.8547469915225498 -0.4305090222985122 0.0 
-3.759418607409076 0.9540283924927682 -4.36059928557166 0.0 
-3.0495705646953097 0.8939765911277888 -2.100450816068556 0.0 
-4.750224128785854 1.7907082980646738 4.266944658819275 0.0 
4.044072866921489 -4.268523639722169 1.396693574937955 0.0 
2.903748761996341 -3.481230321824601 1.722265728548197 0.0 
-4.771464069294421 -0.22054271247718216 2.0601549866260394 0.0 
2.5659151471800623 3.998405868586431 2.556534632088292 0.0 
-0.8379477923405343 0.8360169279695384 4.495383472548053 0.0 
-4.044296498262217 0.2860884167696085 -0.9075562756530706 0.0 
1.014764355387097 -3.6314981080074524 4.391197609894256 0.0 
-0.14814074108586173 -3.0132638441890203 3.953125774086523 0.0 
-2.2524260088683903 -2.7565710521421973 3.3679535350977527 0.0 
4.988094585861759 2.2967494412105696 -3.458630536788214 0.0 
-4.846285286358313 -1.4777728630249065 3.969732287025918 0.0 
2.813043358278261 -4.473886496095206 -4.1536058652032875 0.0 
-1.4289578478063394 -4.550035647650507 -2.955437990858515 0.0 
-3.2952147974611155 -4.758476655021338 -1.2671631923428262 0.0 
-4.781326742117904 -2.2582974036556323 -2.9861942177167045 0.0 
0.07699234955183965 -2.0131205018766485 0.35996036353724303 0.0 
-2.774853701116311 3.7597004778747944 -3.7423209607061745 0.0 
-1.3521582199105953 3.817151517050597 1.7648971786672032 0.0 
3.0239723981989144 -4.639364043760052 0.24963365204736299 0.0 
-3.653283246253026 3.9778864215730465 -3.3701304539526733 0.0 
1.8007275694456437 -4.498223877636779 2.595678521079723 0.0 
-2.3760032597065073 -1.8048775112183222 4.287950661866887 0.0 
2.1639295655945903 2.190193398231761 -3.005953277578298 0.0 
1.469319447500455 3.180956904180924 -3.8922766302002856 0.0 
-1.9996868439231417 2.68187713599324 -3.589548851742048 0.0 
-2.544663613358973 1.1854839708401865 -0.27361491867616117 0.0 
-0.025008793721207567 -2.9333485104142065 2.176899778433401 0.0 
-4.924785869421728 -1.3844761679201891 0.11188981982709034 0.0 
-0.22179635893881056 -4.224821591554293 -2.512645779110291 0.0 
-4.548277982945661 1.4172889222744853 -2.807092895233053 0.0 
-1.070720032103524 3.851675371669117 -0.6925778915346994 0.0 
2.7569634938400256 3.256118986452673 -3.9117973140727456 0.0 
-3.594943571274732 -3.427538972079672 -0.6487221325223436 0.0 
1.73272927159545 -4.256086518299817 -1.3427375298475717 0.0 
-2.703908820714962 -1.5335355808166051 0.4003557401163107 0.0 
-3.9344694150693424 1.486056655888932 3.083408737681596 0.0 
4.081753162661432 3.3181411122213316 4.332694480074595 0.0 
-0.3865912927151438 -2.1122817417518105 -2.6099512052292138 0.0 
0.41343490791070714 -3.192528027151287 3.499398957166031 0.0 
-2.4611996508910483 -2.900686542540849 -2.015978899702021 0.0 
-4.483902008091402 -2.4665831344122537 3.677367302136334 0.0 
3.412919633013624 1.5912358769227088 -2.38866179358633 0.0 
-4.319394843717811 -2.334939081230214 -2.287764877384358 0.0 
3.0053423505619783 -3.458263796899325 4.95837267975072 0.0 
3.7012164158160985 1.5979296151913918 -0.5658866751367162 0.0 
0.48570887933153273 0.6071908603202658 2.7894384709354014 0.0 
-4.924833175803847 2.868406612039861 2.5601178449650677 0.0 
-2.434259904248478 -3.6619154752192196 -1.3818212716800038 0.0 
-4.381090027609327 -0.8348110868190295 -0.4487067254514763 0.0 
-0.2948260737411088 1.2559676947552392 -2.436683406530602 0.0 
1.1124041532078985 3.3563253185294304 3.6980712460262755 0.0 
1.8332994707551826 -0.7944333778782662 -4.062572585901081 0.0 
-2.4289898733355617 2.744439012870469 -1.938238439968968 0.0 
2.6462714981281295 0.2628358821715189 -0.7989090488465989 0.0 
0.7037396139788665 -1.4495357324683642 -1.7710553974862986 0.0 
-4.075465724032718 0.36968566404716974 -0.8811068722144766 0.0 
-3.043281056431711 -0.2081988868737028 -2.472135543144507 0.0 
3.4962803514352174 1.0115552345476946 -0.4153686449793508 0.0 
-0.9704000200438587 -4.3681720561493815 -2.8277020755017857 0.0 
-1.5669864761131302 -0.36189585874141805 2.775588846746201 0.0 
-0.15648547950111258 3.9897696560497877 -1.508050713887068 0.0 
-0.14073254259736956 -2.4421570772408483 0.9109742292027985 0.0 
1.7055472734198354 3.611331313162733 2.9330919390083388 0.0 
-1.7858809741774708 1.8404199031614867 -1.0046989809542097 0.0 
-1.5159843536142792 2.5243905555025092 -3.785997536834149 0.0 
0.2523289852409967 -2.583277682761654 -4.360676068463407 0.0 
-2.995217519718069 -2.1279192209731255 -3.6317474661889926 0.0 
2.5600562889229774 -3.515535736079557 4.457295664630726 0.0 
-0.8616995886314713 4.126667031288072 1.5872273198975684 0.0 
-1.1142724053409747 -4.073488353854927 -0.23489935434721243 0.0 
-4.675031250032427 3.5411714995589563 -2.834217946940182 0.0 
1.9047306841579301 -1.1473893113165703 1.6935070765082907 0.0 
-1.7567006639587368 -2.1176874358821074 -2.5116452429123672 0.0 
-4.687895026437449 -2.399348948939144 -2.773046356148213 0.0 
4.967675795531669 -1.8762219330382046 1.2239464996423797 0.0 
-4.918717322893499 -3.0298931556863717 0.8794947345441253 0.0 
2.1308043721174244 -4.811294438143142 0.17695076806275978 0.0 
0.2910906051015969 -2.872029982660078 -2.083519753492087 0.0 
1.7352290207926666 -3.165674192404123 -2.576569158224217 0.0 
1.26556765193674 -3.1753099792165242 -2.960078174107564 0.0 
1.8052193773497045 -1.9884623568335167 -0.5935719106749833 0.0 
0.5662727444903082 -3.5693474576084117 -3.4813025154027355 0.0 
-1.4854024930325793 -4.657367718706445 -2.5512753473247685 0.0 
-1.7824990834678078 -0.27827898939031126 -3.1411089761043245 0.0 
-0.5424475948626739 1.8246297348842848 0.9040286282254115 0.0 
2.790518441040776 3.9739532799375166 0.8894231054801702 0.0 
4.1462729410138 -4.219682426185002 4.425146155906505 0.0 
0.839279681374375 0.10871636185234124 -2.663229796181301 0.0 
-0.18707241208577763 -4.007339242734145 -0.7280388198068879 0.0 
-3.3750862288353045 -0.7709517354682847 -2.4697363534676855 0.0 
3.811309908123988 1.213270169097517 -4.0133527843511505 0.0 
2.3609505912078053 1.2999552042691533 -2.193454315789518 0.0 
-1.6127495062611863 2.6011100420756597 3.5583274970854752 0.0 
-4.5648957800055765 -4.428597488880155 2.841317941363661 0.0 
1.4277054406431278 1.3696475420171437 0.7236521910565283 0.0 
2.1543534822507056 -0.4025121461565915 -4.72439326159042 0.0 
-3.1757283619675523 -2.7572282872406895 -4.5594770636548265 0.0 
4.437514517357485 -2.602443987681007 -1.7957691905204354 0.0 
-2.20668298914397 4.958444953057709 -3.0754463866082493 0.0 
-2.220130310720132 -0.5666038321179183 -2.805895601269638 0.0 
1.5259410526350559 -4.107373565884695 -4.158403268640836 0.0 
-3.512840019641943 4.340256215488887 -3.070639528360376 0.0 
0.001967312513917463 -0.6916608859155922 -2.7624430464195813 0.0 
2.8509295786351663 4.7807244915361 0.8465477756105688 0.0 
0.4642881362539919 -4.994688583270736 1.6002098544718457 0.0 
2.31463809787905 -2.212717637062834 -2.682239062369481 0.0 
3.561710322177161 1.2891176014802088 -2.17497114644861 0.0 
-2.8521254529279205 -4.164482443076257 -0.8460019755625039 0.0 
-4.777897999162606 -1.6537472867923975 4.726311662189756 0.0 
4.693156753078933 2.600771233410857 -4.070217427872417 0.0 
0.35816344287697444 -2.404943227606293 0.47894807113252647 0.0 
-1.681354380385697 -1.5406402486890078 0.12754345476921536 0.0 
4.798264993119718 -4.873410264157862 -4.07871370545444 0.0 
2.786168970320281 -4.629801509603862 -1.7092399545758075 0.0 
-3.454963909704316 -2.062509496956083 -0.5159096100553242 0.0 
-4.642656358518554 -2.9532690689799512 0.6058827054756257 0.0 
0.4928153580102972 3.241304810160905 -4.907774888498208 0.0 
-4.759187104282155 2.3159487663660725 -3.0801889859035803 0.0 
-2.232801817609964 0.5227598725917648 4.614495668005926 0.0 
1.893488292250181 -3.8614717502188425 2.449678227398378 0.0 
3.4512972922521055 1.5033769797890404 1.2463346247541987 0.0 
-4.152141092475547 3.8816634424695167 -2.321171196458648 0.0 
1.1082762100438224 2.653452845383354 -4.885007366504924 0.0 
0.15012097997135676 -1.2601437036066319 3.498434508237647 0.0 
-4.2457730962657365 -2.715921846507956 -1.4489223842863685 0.0 
-1.5777417146726682 3.940344857314784 -4.175923101115404 0.0 
2.4236551380139604 0.692729471725368 2.8903260086936875 0.0 
-2.4780641821757685 4.0154060733585855 -3.711769437764821 0.0 
1.948217981653709 1.4865771659559348 1.6099415196539155 0.0 
1.918679070276906 -4.7501925385743125 4.8904908684876975 0.0 
4.314163262784527 0.8192912525805358 3.017756612117674 0.0 
-1.7974135242731104 1.6945481995542835 -3.052303971971674 0.0 
3.5958256451607777 -1.9900384169594942 -4.68779578782041 0.0 
-0.06307681570977497 2.5630799438519585 4.926715278930104 0.0 
-3.1207557399082066 -3.3193522206018002 -4.236710391835161 0.0 
-2.5229222502141258 4.729164261999191 4.742388491129203 0.0 
-3.809802980823347 3.0663390705248332 -3.267857552360679 0.0 
-3.0330006582545845 0.15663904970412812 0.38261533844497464 0.0 
-4.492613736960141 -0.2590213342501535 2.454931352481574 0.0 
-2.81851937692199 -4.143257695033938 2.6916828865156184 0.0 
-1.6923894008406473 -4.610868593701461 1.2432753781042996 0.0 
3.3514526753330465 4.674608450091892 0.28835050184754785 0.0 
0.48285355103200533 -1.064196280150611 4.214749531592464 0.0 
-2.2715326254437054 -3.9663065817680323 -2.343902059689654 0.0 
-3.903683102294251 2.126937918631918 -3.1089242097168257 0.0 
-2.4474959689636133 -0.6972427798463698 -2.3988310708461125 0.0 
4.875461750457921 1.7576617054653934 -4.370349024539536 0.0 
-1.961864595395466 -1.0125489063118884 3.946628444765887 0.0 
-2.48623888487959 -2.035041037394717 2.112684704881814 0.0 
3.8321869583151233 4.481726835180622 -0.47115399489256404 0.0 
-4.496209975397344 -1.867038357980304 3.170646971246894 0.0 
-4.89442469265015 -1.8636730568205606 -2.0071978186088932 0.0 
-0.5286809990712129 -0.9691470688920507 -0.8714800271270775 0.0 
2.8196797936782954 4.810816317722024 -2.902508805505976 0.0 
2.045215050588215 0.4126087653891499 1.609985056587889 0.0 
-3.010985472241128 -3.840989147495134 -1.6761178869567441 0.0 
-0.27300737325381075 0.7243650138517488 2.179716275828662 0.0 
-2.8307901223446352 -4.6806079334688935 2.4751163528299998 0.0 
2.04439286838738 -2.1704466690358215 4.9102802584879655 0.0 
0.7346938166862538 3.643811515262481 -0.06125777101518892 0.0 
-4.200909806033774 -0.4302341739638589 1.0592950272314328 0.0 
-4.576455366369779 -3.759137766253866 -4.379376502541021 0.0 
1.5546032582324356 -3.701366479871391 3.137537128694115 0.0 
-0.23233238119222843 -2.4171304480604627 -4.033025215909767 0.0 
1.567710022408101 -2.2876467624964403 2.7667536619303554 0.0 
-0.19311473460367878 -0.21404135523237056 0.8705379863213079 0.0 
4.297900278095 -4.646467323248435 -1.2132957415457102 0.0 
3.214442608860562 0.018223920953021278 -4.7553468938498655 0.0 
-3.571600261491148 3.43098278523102 0.3683469795709122 0.0 
-2.256068213366813 -2.0684041974991874 -4.147385673951747 0.0 
1.4264309128037533 0.16305427983474985 1.8457308080534407 0.0 
3.2680412104846432 -4.059842672383061 -1.924864247705329 0.0 
-4.470820916002801 0.8216846677355178 2.5771082859956893 0.0 
3.7402209540806304 2.2349688884989796 4.465405706435849 0.0 
3.3960009591371847 -0.714631613961326 -3.661499452019866 0.0 
0.23513718725586052 -3.0909672076839545 -0.93366351643171 0.0 
-0.9932351283903174 4.305720463167717 3.3306941129485885 0.0 
-2.482030782860025 1.7377241981990297 -1.6573331582677833 0.0 
4.2320542924343805 2.9180186745827505 4.556594039404821 0.0 
3.154832975017708 -3.7979521890596315 -1.1853709389812552 0.0 
3.0501613578102145 3.268917928908797 -3.2111008193809454 0.0 
4.595153953245351 -3.1610131766172866 1.6110193302111568 0.0 
-3.995581897028908 4.9495671771010805 -2.471774761024678 0.0 
-0.8635531461652839 4.001352590344759 1.0028686559916373 0.0 
3.4235877824294807 1.319068002706417 -1.9387499015561458 0.0 
1.602018286160357 2.7038947827282804 -0.9158340058987946 0.0 
-2.8437076904905023 1.3567145089261636 4.293296723786696 0.0 
-3.3865070145594434 -4.693414762343592 0.42341669395299597 0.0 
-0.8311364247334518 -1.4895082967794893 -1.157670565291975 0.0 
4.032612680507757 1.9134002671246293 -4.263437369785997 0.0 
3.06804783271836 2.00703197200812 3.5480973711174286 0.0 
1.9287788630744345 -4.163738171189068 4.944090838984906 0.0 
-2.7610257358702093 2.234273096334828 -2.3944360376418707 0.0 
-4.989911681912228 2.8386185740774987 -1.85160994253848 0.0 
4.47072371659889 2.1758259304855487 3.513022697447509 0.0 
2.109126276048846 -2.744291165373429 3.4383784007497766 0.0 
1.4213943910299598 4.1010813025946735 2.2603568887766867 0.0 
1.5410704511731748 0.0740982272145887 0.24670639983200093 0.0 
4.789146560749753 4.213413948093624 3.370197121436423 0.0 
-3.182750932356273 -2.420393391098612 4.9454146202749065 0.0 
-3.991934535972951 -2.0176251625951345 -4.874124286064743 0.0 
-0.49388953891385423 4.400989765176611 0.6121694110054046 0.0 
-2.1873371079748627 0.9782495268288169 1.8048446038274237 0.0 
0.43122657762073136 1.856092243793154 2.9176237254948223 0.0 
-2.478622645726171 -0.4804387781956194 0.7095715694008167 0.0 
-3.622559556551005 -4.012659902084172 0.9150564354650301 0.0 
-1.4695282306027702 -1.1280758247891374 -4.4418304724018665 0.0 
-1.0523845529511746 -0.9420487937700459 -0.39009885127445365 0.0 
-3.2294724617287205 3.898232448252873 -1.527325797275533 0.0 
0.46993957847473755 -3.7770505918380093 1.7154831705431075 0.0 
-0.8437624475299312 0.11222215624749943 4.150976700184522 0.0 
1.8765886954597537 3.1224990409954643 2.6899708007419214 0.0 
2.9672441575749007 4.175860324185628 3.9358341056450517 0.0 
1.5807295266141015 3.0531339324744398 0.6253556322612468 0.0 
-0.8835175177602661 -2.832556970814686 -4.607909381057009 0.0 
2.8085221182744844 4.944613707649609 0.5712596958896023 0.0 
4.444010660223588 -2.378962951383322 2.346678266370943 0.0 
-1.9471373720050078 2.210346374985975 -3.323311602718837 0.0 
2.6946865378411475 2.0882303620908074 -1.7329569879826447 0.0 
0.44236151902014953 -2.730347577091133 -2.067453230627323 0.0 
-1.1333616973839522 -2.6803287364903827 4.953006601154723 0.0 
4.360850185483345 -3.7983853332306405 2.0574207328271097 0.0 
1.4283639001425472 1.865363476063278 4.729287501490408 0.0 
-0.8273679723125449 -1.156377034388166 -2.9386003871682567 0.0 
-2.440086182010771 -2.5515647730490674 4.799263036978383 0.0 
3.954997743799371 -4.0049541328394 2.688239957879386 0.0 
1.3359808389419472 4.381326423002275 -2.9984737159168686 0.0 
1.2403291650895376 -1.5284044644368047 -4.421768822264401 0.0 
-2.628739622263896 0.7810130061079867 -1.7270030699956704 0.0 
4.428944354582198 0.1861854351119021 1.3582286323043409 0.0 
0.23092338553580838 0.9024260290516022 2.3021622684995275 0.0 
1.9901657020538224 -1.8338719050754007 0.22829779715707943 0.0 
-3.7729741479410794 4.019843678581319 -0.20980312142586577 0.0 
-4.539241046767747 -2.2410635016444624 -4.5250419624338925 0.0 
2.3405169211383834 0.940161804029418 -1.6136730649748232 0.0 
1.6314100641317513 0.9205952464787135 4.3826004073443965 0.0 
-2.222602146353543 2.171224664303492 -3.3824929771885826 0.0 
2.6600763877960283 -4.669526760040856 -0.6955540275683063 0.0 
-3.2040187360453274 -3.817112853631046 0.6601669550019809 0.0 
-4.491074586823091 2.3869495917054433 0.8599126935553745 0.0 
3.576011172009329 1.8788983511302595 2.327264593919769 0.0 
-1.4136917781964673 1.0398769704872635 -0.019585793828612807 0.0 
-1.1840224348385178 -2.7406562383208586 -3.825676214761958 0.0 
-0.7030671105547004 3.0060316164305174 -1.289678614861879 0.0 
2.7369141332316733 -2.629824903000962 -1.6086321431513637 0.0 
-2.6118397301070884 -3.412613666056037 -0.2618775227260919 0.0 
-3.393044089172703 1.784559862155212 0.8070186223582967 0.0 
-3.5567563725746467 -1.5479517068796191 -4.838403178458374 0.0 
-2.8032065482440216 -1.2254916944540852 3.4493011675829663 0.0 
0.9958982520131885 -0.4706961677616892 -2.017551577432919 0.0 
1.3202926057021633 -2.946603745176324 -1.9471012621566985 0.0 
1.0328491540028564 4.210318045208609 -2.156857958537107 0.0 
0.5084514351318346 4.258042788101168 -0.9045284316517099 0.0 
1.6260102968205326 -3.1359324444758574 -2.898562384387521 0.0 
-4.185899906359552 -4.863037881926101 -0.5020857305369928 0.0 
-0.06738678155267053 -1.5465363740415183 2.240055576971292 0.0 
0.24099836197462832 -3.1553706583757037 -3.6381869897854835 0.0 
4.185744800716481 1.2481098236448762 -0.3772328017491553 0.0 
3.5076916666673235 0.6143025513598381 0.9225278277194917 0.0 
3.755137950234314 -0.6002184566070987 -1.2261835828485723 0.0 
3.149064559029327 3.3724103762744395 0.13545589375545752 0.0 
2.4029389898746505 -0.4794424455674209 3.3221734148683595 0.0 
-1.8681399501288243 3.27680722591799 -2.111737369974617 0.0 
2.128157461646575 -3.659786410535263 3.9306332238690587 0.0 
-4.2410784655964715 0.30759137646545476 1.3619895943196871 0.0 
-1.600149399366261 -0.31176272839032126 -4.7793880585715 0.0 
4.666883834956021 3.658822216222278 -4.172158663128861 0.0 
4.636564258959041 3.5852428773265963 -4.157023949926391 0.0 
2.0679090610697433 -0.1552722717695385 2.162780769233702 0.0 
-3.477125069071062 4.282058745301493 -3.399225152775501 0.0 
-4.0366881720033465 -1.1337128370152385 -0.6345394489685123 0.0 
-4.435902850491341 0.29720816224322544 -1.6907498419407752 0.0 
-0.35424513884519016 -0.3258678972494593 -3.4471673717262696 0.0 
-1.9887161181925608 4.961552377350936 3.5680754186153703 0.0 
-0.5803422438193362 4.401710552391817 -2.9788665059821873 0.0 
-4.466885869064764 -4.255232098809877 -4.049562255597921 0.0 
-3.156950115364653 -1.8820160775271377 -1.3159372327534138 0.0 
4.861904326244652 3.1830160203320492 -0.4000434968293298 0.0 
-2.4717694773161805 -2.927845543947485 -3.9910661262464564 0.0 
0.04722127170164381 4.192294389662537 -2.1812976733902287 0.0 
4.594666108564233 -2.0606976974210167 -4.459009043945915 0.0 
3.0841308364828173 3.7758288919273024 0.3005178411556315 0.0 
4.172916949187247 2.9840344207637095 -1.965488657277751 0.0 
3.086995836526153 2.909414187536341 -4.346106321420386 0.0 
3.5703418657511605 -4.153652956459029 -2.5718095644257053 0.0 
2.975025591189967 1.4537574283547308 -4.304267845269819 0.0 
4.905609086999469 0.28916578366454804 -1.2416856736249606 0.0 
2.2558567165531134 -4.600856428930297 -4.999658756115439 0.0 
-3.132083226939052 4.811736394447037 4.212714141570267 0.0 
-4.6792044460760005 1.5578647150198597 3.271264126651868 0.0 
0.4057465108200713 3.9391895369353147 1.017302757428932 0.0 
-0.6214099665226902 4.487685482535198 0.5399370335532332 0.0 
-0.5131959876165304 -1.500731583330973 4.07996551143594 0.0 
-3.777839510891 2.2581856756496475 -4.1621383509147725 0.0 
-3.8943386547384664 4.918036225293555 2.9551103372462615 0.0 
-0.31374057054063353 4.7685895111148415 4.012165232713167 0.0 
-0.21100120072759054 -3.9083014453857254 2.1078508613820084 0.0 
1.9895057644563616 2.7891240307969056 -4.694217805119978 0.0 
-3.275580971261478 4.787324756151241 -4.591318351623689 0.0 
-4.818571629890158 -4.369419149856092 -1.1338795568437376 0.0 
-1.7015166919111033 -3.392228771845336 3.90759826644984 0.0 
1.4034599925102453 4.460842103929215 0.9332566157728746 0.0 
1.1023309249450879 0.60117728549125 -1.0759108012832685 0.0 
-1.014945490212591 3.1537401949713466 3.9502013875826787 0.0 
3.8448650388641568 -0.42134995561159183 0.09909972561588454 0.0 
0.008731365303598082 -4.818422301607321 -3.7700250039905905 0.0 
-0.42134654770871727 -4.197571106433672 -1.5999491828583023 0.0 
2.3839284355864105 1.3850333711429297 2.633024806951127 0.0 
4.296116096587069 1.3147909141362346 2.225850644063182 0.0 
3.804326511541017 2.207176440382889 1.7984535460734739 0.0 
-3.756773772055727 -1.70163744127675 -1.6514726213910977 0.0 
-4.649096277395421 3.6365007751445084 0.5789678528405311 0.0 
0.5292449847254481 -3.0533024693945077 2.7244987815783883 0.0 
2.473533153856585 -3.113100008764087 -3.3479514902220844 0.0 
-1.1600870802462557 3.7809183721852353 0.7256979418535972 0.0 
-4.163125909485366 -1.072100567758719 -0.4763447292581695 0.0 
-3.1633792699650454 -2.843774439830342 0.8959523789039814 0.0 
3.7773349916953816 -3.3202686914740354 -2.6454065029380383 0.0 
-2.0618034076173264 -4.241406443645711 1.1288089484765376 0.0 
1.6095585046980538 -4.454491854291871 1.2633843192613723 0.0 
-3.5154267950245965 -2.0111930926534596 3.595242085524781 0.0 
-4.823245807550769 -3.435577785788685 1.9952373125788085 0.0 
2.426814793639272 4.422951916692384 -4.1654629548232815 0.0 
2.5366868753180594 -2.3549485364752765 -4.68246736977473 0.0 
-1.937250784476202 -4.496692593347972 2.433006323579039 0.0 
-0.6930060301501415 -0.9778846497927942 3.604415197995671 0.0 
1.6981248608130954 -1.778210053950212 0.3856836122828273 0.0 
4.025974418471398 2.9269429685992074 1.5303544736099912 0.0 
-2.3983627760430126 2.495670959397236 -0.438636435651544 0.0 
3.4767229286394006 3.7462034150812222 4.462188691667171 0.0 
-2.377199145611687 -0.4795150727096198 0.5970298125559275 0.0 
3.9531745398530926 -3.8793607277277866 0.8009499533506625 0.0 
-0.9759855570187517 3.9324397571909646 0.629117435778821 0.0 
-4.563777631954013 2.6252843182662957 1.2575271248723485 0.0 
-2.267113575379586 4.269434283429899 3.5549114293532327 0.0 
2.470591366889411 0.10527845565332594 -0.30597464355941373 0.0 
2.361986164304727 -0.5413645943798775 1.520983100400234 0.0 
-0.7313727536914447 1.971305383619276 -1.7033482033698988 0.0 
2.9884752100338385 2.1070233898014035 3.5613419121869736 0.0 
-3.9943163391467165 -4.766927533502056 -3.631652100530627 0.0 
-1.3950814157119784 -1.2734475449039575 3.5527272980479747 0.0 
0.19187246758997567 2.196065226789658 1.7585225693500615 0.0 
-4.711462707318816 -1.2469243778743575 -4.032425701769276 0.0 
1.7720922328184 -1.879719628091502 -3.1327962827974543 0.0 
1.4223476099001777 0.6029548265382134 3.8558945401881246 0.0 
3.1566638112690164 -0.47797028693783794 -3.950820777160687 0.0 
3.6240863396397405 2.6952568963164723 -3.515526286672589 0.0 
4.996898860276628 3.6419735222058804 0.48706111360408233 0.0 
0.8248521249502332 -1.1747270303669053 -1.1628773001927373 0.0 
-2.74114738373864 -4.2164496328155305 -1.2842743259956988 0.0 
4.775006078249785 -0.40071067672729654 0.20080340859217571 0.0 
-3.1135340800345723 -2.939817607881369 2.6822589417401774 0.0 
2.2284760873212575 4.178075478748056 0.5054628443215989 0.0 
-1.7714015316539147 -4.986453251042805 3.904815268443061 0.0 
0.9266370551313772 1.264521664455712 1.0447638001570176 0.0 
-4.383296277888306 0.927686413825862 -1.7754581004424983 0.0 
1.938922518313948 4.02764511437451 2.463975906928373 0.0 
1.1664000717195568 1.4847512197094108 -1.2341204928209537 0.0 
4.321719847477031 1.6993668779606539 3.0964627586247797 0.0 
4.281871360639087 2.403629932167598 1.6060730985339884 0.0 
-0.975086919639292 -3.3028484452384577 -2.99047610222686 0.0 
-4.263215648124319 0.20745483317367608 -1.0789886602752166 0.0 
0.17002831401286134 -1.5303742524220798 -3.958058284826925 0.0 
3.212885993659114 -1.0325504884899397 -3.9034457337297193 0.0 
2.381281148823156 -4.449646923179797 1.0114942246339567 0.0 
-3.306797449520593 3.6496292079336854 4.225460884903303 0.0 
-0.4711776101451175 3.075250765977053 -3.941797710849173 0.0 
-3.4081621572342815 3.9091846474908323 -3.764301255819227 0.0 
-4.107714070115566 -2.029417061514316 0.38624048798322264 0.0 
0.5380379954989358 -2.0245009628198627 -3.1051699222009246 0.0 
-4.032478013076569 -2.7613989815982523 1.3244627273731915 0.0 
-3.541774919140148 2.6017157201128516 -4.676462849855643 0.0 
-0.0701631729667831 4.689070216882275 -1.1546569034361518 0.0 
-0.08946311027420784 3.008150410077894 4.895524532012489 0.0 
4.508662874475336 -4.676975304223161 -2.4430588068979207 0.0 
-0.17362739322531073 0.047409824506220666 -0.14212473482827637 0.0 
-4.574657048668767 1.23949965440851 -3.0551388809818745 0.0 
-4.108755580134459 -0.40468318055145414 4.614578372703646 0.0 
1.4361676210528893 1.1361087832783987 -2.8701993108610333 0.0 
4.109366361945536 0.3706712230433764 3.2553724705347413 0.0 
3.238781133570246 4.565443488774074 4.773858406341541 0.0 
4.860771555654953 -3.294387738439254 -0.5413207970102105 0.0 
3.8402547324305054 4.725598332276007 -3.859773801663283 0.0 
0.7461357883531496 -1.4852704448016683 -0.24442271404581284 0.0 
3.9041626629080586 1.869531667986423 -0.02553550678388028 0.0 
1.540946056716547 -2.092765756364324 1.1903501253276332 0.0 
-4.903375587614348 -0.9697181958713328 0.3481692972590933 0.0 
3.6045367798013626 4.931904384331995 3.3304129220744745 0.0 
-4.4664864715465455 4.966335123426225 1.6861564490967353 0.0 
-1.3286709284099163 -3.4883644391094015 -1.8457571822080823 0.0 
2.5326988706811457 4.612798679247181 0.5184398098796663 0.0 
-3.3232312335326073 -1.437087709755084 2.254502333721291 0.0 
-0.31702228722202097 -0.006176413605249564 2.6711150455387163 0.0 
-2.041133472172655 4.1528097225996365 1.5593914173035985 0.0 
-4.452314955089516 -4.104744899815952 -0.749661980721978 0.0 
4.827007284648641 2.1559026979632856 -3.3724280135978537 0.0 
-1.091908510413675 -1.1388024198008306 -0.656694231146771 0.0 
4.073578477268008 1.4051191752518157 3.863045466514208 0.0 
-3.9385733865331307 4.4514754510466155 0.04225027925909153 0.0 
-0.1496617751536613 0.1354709538094392 2.42840602914117 0.0 
-0.10355995653690542 0.08300342480417466 2.760547614249706 0.0 
-1.693692689858708 -0.045131533763011156 2.2038545897267534 0.0 
2.064229638561038 -3.8488229888453596 -1.4011393399410563 0.0 
-4.811575944194159 -4.629267925248431 0.8911693938792009 0.0 
-2.2970438553291372 -3.646439226065442 0.597086695936289 0.0 
-2.355033026615747 4.830573593725262 2.5649966912227784 0.0 
4.333455992692462 0.8021984621597014 -1.30981675354903 0.0 
4.289882475431675 3.3699574226928792 0.5241089185822103 0.0 
1.8043659277179325 -4.166165198491974 -3.513919651387787 0.0 
-3.1070924725015905 4.088897332326534 -2.385695676658326 0.0 
3.2544720730508665 4.803082552912652 1.4572061941980277 0.0 
-2.7678867910251426 -3.46289976928431 4.991695509374205 0.0 
-1.5698791171558693 3.023464919004489 1.9416378835438586 0.0 
2.5033144633936164 3.787738049049098 -2.490352418774048 0.0 
-0.49233276764202394 3.218816789903462 -4.790330261665016 0.0 
-1.8601153795228154 4.396241875777843 -1.7339916227736452 0.0 
2.635940559414073 1.8602611885233102 -4.769909889440871 0.0 
-1.991410797096492 0.8677178274440198 -1.701893306797304 0.0 
-4.435031851474776 -0.4667873320245519 3.2155976793891163 0.0 
-3.7111278429908245 -0.6463500092430898 3.23826889051524 0.0 
-3.70175738829532 1.1596149859712046 -0.7676458062951506 0.0 
0.9304098566036529 0.30652439915670193 -3.5893781184565032 0.0 
3.943085505669984 -3.3395213669789605 0.5421489989555264 0.0 
2.255426776492774 1.3527413835498354 3.452989370057196 0.0 
-4.434986809283517 3.676477131877766 3.0242626252711986 0.0 
1.4712279699032704 -3.7191609515069968 -0.1462264822062238 0.0 
-0.8857365281936334 4.7820687543914335 -3.6408470845931076 0.0 
-2.9214409620150015 0.9417354262658986 4.3223220045908874 0.0 
-3.39391087075112 -3.9905200144371786 -4.0528841523139185 0.0 
-0.9563233358386123 4.073159638219387 -1.977203057660073 0.0 
3.2142897959654153 0.8531517124894865 -1.8174501382049502 0.0 
